0000 97200166
0001 97266844
0002 97333500
0003 97400177
0004 97600188
0005 97800188
0006 98000177
0007 98200177
0008 98400166
0009 98600177
0010 98800177
0011 98933511
0012 99200177
0013 99333511
0014 99600177
0015 99800177
0016 100000177
0017 100200166
0018 100400177
0019 100533522
0020 100800188
0021 100933522
0022 101200177
0023 101333511
0024 101533500
0025 101733522
0026 101933522
0027 102133522
0028 102400177
0029 102533511
0030 102800177
0031 102933522
0032 103133522
0033 103333533
0034 103533500
0035 103733511
0036 103933500
0037 104133522
0038 104333511
0039 104533522
0040 104733511
0041 104933511
0042 105133500
0043 105333522
0044 105533511
0045 105733522
0046 105933511
0047 106066844
0048 106333500
0049 106466844
0050 106733511
0051 106933522
0052 107133511
0053 107266844
0054 107466844
0055 107666844
0056 107866855
0057 108066844
0058 108266844
0059 108466844
0060 108666844
0061 108866844
0062 109066855
0063 109200188
0064 109400177
0065 109600177
0066 109800177
0067 110000177
0068 110200188
0069 110400188
0070 110600188
0071 110800177
0072 111000166
0073 111200166
0074 111400188
0075 111600188
0076 111800177
0077 112000188
0078 112200177
0079 112400188
0080 112600166
0081 112800188
0082 113000177
0083 113200177
0084 113400166
0085 113600177
0086 113800177
0087 114000177
0088 114200166
0089 114333511
0090 114600177
0091 114733500
0092 115000177
0093 115133500
0094 115400177
0095 115533511
0096 115733511
0097 115933511
0098 116133522
0099 116333511
0100 116533522
0101 116733511
0102 116933511
0103 117133500
0104 117333522
0105 117533522
0106 117733522
0107 117866844
0108 118133511
0109 118266855
0110 118466844
0111 118666855
0112 118866855
0113 119066844
0114 119266844
0115 119466844
0116 119666844
0117 119866855
0118 120066844
0119 120266844
0120 120466833
0121 120666844
0122 120866844
0123 121066855
0124 121266844
0125 121466844
0126 121666844
0127 121800177
0128 122000177
0129 122200177
0130 122400188
0131 122600188
0132 122800177
0133 123000166
0134 123200177
0135 123400177
0136 123600188
0137 123800177
0138 124000177
0139 124200177
0140 124400177
0141 124600188
0142 124800188
0143 125000177
0144 125200177
0145 125400177
0146 125600177
0147 125800188
0148 126000188
0149 126200177
0150 126400177
0151 126600177
0152 126800177
0153 127000177
0154 127200188
0155 127400177
0156 127600177
0157 127800177
0158 128000188
0159 128200177
0160 128400188
0161 128600177
0162 128800177
0163 129000177
0164 129200177
0165 129400177
0166 129600188
0167 129800211
0168 129933477
0169 130133488
0170 130333477
0171 130533522
0172 130800177
0173 130933522
0174 131133511
0175 131333511
0176 131533511
0177 131733522
0178 131933522
0179 132133522
0180 132333511
0181 132533511
0182 132733500
0183 132933522
0184 133133511
0185 133333522
0186 133533511
0187 133733511
0188 133933511
0189 134133522
0190 134333511
0191 134533522
0192 134733500
0193 134933511
0194 135133500
0195 135333522
0196 135533511
0197 135666855
0198 135933511
0199 136133511
0200 136333500
0201 136533522
0202 136666855
0203 136866844
0204 137066844
0205 137266833
0206 137466844
0207 137666844
0208 137933511
0209 138066844
0210 138266844
0211 138466833
0212 138666844
0213 138866844
0214 139066822
0215 139266822
0216 139466844
0217 139666844
0218 139866844
0219 140066844
0220 140266855
0221 140466844
0222 140666844
0223 140866833
0224 141066844
0225 141266844
0226 141466855
0227 141666855
0228 141866844
0229 142066844
0230 142266844
0231 142466844
0232 142666855
0233 142933522
0234 143133500
0235 143333522
