dict_keys(['azure_kinect1_2_color', 'azure_kinect1_2_depth', 'azure_kinect1_3_color', 'azure_kinect1_3_depth', 'azure_kinect2_4_color', 'azure_kinect2_4_depth', 'azure_kinect2_5_color', 'azure_kinect2_5_depth', 'azure_kinect3_3_color', 'azure_kinect3_3_depth', 'azure_kinect3_2_color', 'azure_kinect3_2_depth'])
dict_keys(['azure_kinect1_2-azure_kinect1_3', 'azure_kinect1_3-azure_kinect2_4', 'azure_kinect2_4-azure_kinect2_5', 'azure_kinect2_5-azure_kinect3_3', 'azure_kinect3_3-azure_kinect3_2', 'azure_kinect3_2-azure_kinect1_2'])

 Current group is 1 

number of images 109

 Current cam is azure_kinect1_2 


---------------0------------


-----------------------------

[[[-313.14772487161605, -561.5624577583375, 1836.5282627571191]], [[-331.66699493710854, -492.7941622950567, 1860.6569143288937]], [[-331.66699493710854, -492.7941622950567, 1860.6569143288937]], [[-166.90492951344433, 180.30253866377075, 1751.1731600869157]], [[-166.90492951344433, 180.30253866377075, 1751.1731600869157]], [[-173.44221284217363, 168.8809768767501, 1744.069094296461]], [[-166.90492951344433, 180.30253866377075, 1751.1731600869157]], [[-166.90492951344433, 180.30253866377075, 1751.1731600869157]], [[-166.90492951344433, 180.30253866377075, 1751.1731600869157]], [[-166.90492951344433, 180.30253866377075, 1751.1731600869157]], [[-166.88305159031552, 183.85949683150392, 1750.8356269093679]], [[-166.88305159031552, 183.85949683150392, 1750.8356269093679]], [[-166.90492951344433, 180.30253866377075, 1751.1731600869157]], [[-166.88305159031552, 183.85949683150392, 1750.8356269093679]], [[-166.88305159031552, 183.85949683150392, 1750.8356269093679]], [[-313.14772487161605, -561.5624577583375, 1836.5282627571191]], [[-313.14772487161605, -561.5624577583375, 1836.5282627571191]], [[-584.965972818676, -327.18600642793683, 1800.8580885421832]], [[-313.14772487161605, -561.5624577583375, 1836.5282627571191]], [[-317.5671999490468, 1103.9665627520037, 2175.010333382782]], [[-317.5671999490468, 1103.9665627520037, 2175.010333382782]], [[-166.88305159031552, 183.85949683150392, 1750.8356269093679]], [[-166.88305159031552, 183.85949683150392, 1750.8356269093679]], [[-166.88305159031552, 183.85949683150392, 1750.8356269093679]], [[-166.88305159031552, 183.85949683150392, 1750.8356269093679]]]

-----------------------------

[[ -313.14772487   561.56245776 -1836.52826276]
 [ -331.66699494   492.7941623  -1860.65691433]
 [ -331.66699494   492.7941623  -1860.65691433]
 [ -166.90492951  -180.30253866 -1751.17316009]
 [ -166.90492951  -180.30253866 -1751.17316009]
 [ -173.44221284  -168.88097688 -1744.0690943 ]
 [ -166.90492951  -180.30253866 -1751.17316009]
 [ -166.90492951  -180.30253866 -1751.17316009]
 [ -166.90492951  -180.30253866 -1751.17316009]
 [ -166.90492951  -180.30253866 -1751.17316009]
 [ -166.88305159  -183.85949683 -1750.83562691]
 [ -166.88305159  -183.85949683 -1750.83562691]
 [ -166.90492951  -180.30253866 -1751.17316009]
 [ -166.88305159  -183.85949683 -1750.83562691]
 [ -166.88305159  -183.85949683 -1750.83562691]
 [ -313.14772487   561.56245776 -1836.52826276]
 [ -313.14772487   561.56245776 -1836.52826276]
 [ -584.96597282   327.18600643 -1800.85808854]
 [ -313.14772487   561.56245776 -1836.52826276]
 [ -317.56719995 -1103.96656275 -2175.01033338]
 [ -317.56719995 -1103.96656275 -2175.01033338]
 [ -166.88305159  -183.85949683 -1750.83562691]
 [ -166.88305159  -183.85949683 -1750.83562691]
 [ -166.88305159  -183.85949683 -1750.83562691]
 [ -166.88305159  -183.85949683 -1750.83562691]]

-----------------------------


---------------1------------


-----------------------------

[[[-333.12515932282383, -508.59627263213514, 1845.058309816821]], [[-463.13727448972674, -329.4571182640725, 1770.7093398427194]], [[-493.9729970620004, -324.8009716768704, 1760.516790883271]], [[-506.5966877469039, -46.45335766216498, 1769.8900828174537]], [[-302.9467063887842, 80.9819773638596, 1757.461688291694]], [[-446.55170852055426, -356.57198184703583, 1880.1716413809006]], [[-485.4528372799697, -61.44228708572322, 1789.8885897653768]], [[-290.91143662942324, 101.8995932561895, 1747.714677061106]], [[-472.12064780112144, 182.27134394285173, 1902.674856553505]], [[-483.62969767677436, 186.03702750188233, 1900.0409569185126]], [[-492.30327501886217, 559.2382479654087, 2004.9959457497728]], [[-538.285052660591, 1040.5041974374822, 2125.7333210623146]], [[-441.25451759624525, 176.52808303167146, 1928.049725011176]], [[-472.22274955430845, 546.759102405592, 1993.5877281856863]], [[-521.0712068472973, 898.2263449418994, 2097.5656296648885]], [[-351.4103509363572, -530.4996559325598, 1795.5071251033971]], [[-330.3337101532683, -518.1565952964515, 1851.06069047775]], [[-474.2463079377251, -545.6894276263857, 1821.2862474021485]], [[-584.965972818676, -327.18600642793683, 1800.8580885421832]], [[-452.0562754272722, 1045.2964019668807, 2453.9136887679097]], [[-486.5769416330746, 1039.244503196046, 2436.6087777143885]], [[-584.369601688255, 949.9077243377316, 2116.2696411277675]], [[-348.1117510694607, 1105.1537958223942, 2186.2509518448696]], [[-382.83225093438904, 1117.8650371828076, 2155.0740114909177]], [[-600.3433956627105, 1089.0777670262003, 2152.7915402122335]]]

-----------------------------

[[ -333.12515932   508.59627263 -1845.05830982]
 [ -463.13727449   329.45711826 -1770.70933984]
 [ -493.97299706   324.80097168 -1760.51679088]
 [ -506.59668775    46.45335766 -1769.89008282]
 [ -302.94670639   -80.98197736 -1757.46168829]
 [ -446.55170852   356.57198185 -1880.17164138]
 [ -485.45283728    61.44228709 -1789.88858977]
 [ -290.91143663  -101.89959326 -1747.71467706]
 [ -472.1206478   -182.27134394 -1902.67485655]
 [ -483.62969768  -186.0370275  -1900.04095692]
 [ -492.30327502  -559.23824797 -2004.99594575]
 [ -538.28505266 -1040.50419744 -2125.73332106]
 [ -441.2545176   -176.52808303 -1928.04972501]
 [ -472.22274955  -546.75910241 -1993.58772819]
 [ -521.07120685  -898.22634494 -2097.56562966]
 [ -351.41035094   530.49965593 -1795.5071251 ]
 [ -330.33371015   518.1565953  -1851.06069048]
 [ -474.24630794   545.68942763 -1821.2862474 ]
 [ -584.96597282   327.18600643 -1800.85808854]
 [ -452.05627543 -1045.29640197 -2453.91368877]
 [ -486.57694163 -1039.2445032  -2436.60877771]
 [ -584.36960169  -949.90772434 -2116.26964113]
 [ -348.11175107 -1105.15379582 -2186.25095184]
 [ -382.83225093 -1117.86503718 -2155.07401149]
 [ -600.34339566 -1089.07776703 -2152.79154021]]

-----------------------------

[Open3D WARNING] [ViewControl] SetViewPoint() failed because window height and width are not set.

---------------2------------


-----------------------------

[[[-166.90492951344433, 180.30253866377075, 1751.1731600869157]], [[-166.90492951344433, 180.30253866377075, 1751.1731600869157]], [[-166.90492951344433, 180.30253866377075, 1751.1731600869157]], [[-166.90492951344433, 180.30253866377075, 1751.1731600869157]], [[-166.90492951344433, 180.30253866377075, 1751.1731600869157]], [[-166.90492951344433, 180.30253866377075, 1751.1731600869157]], [[-166.90492951344433, 180.30253866377075, 1751.1731600869157]], [[-166.90492951344433, 180.30253866377075, 1751.1731600869157]], [[-166.90492951344433, 180.30253866377075, 1751.1731600869157]], [[-166.90492951344433, 180.30253866377075, 1751.1731600869157]], [[-166.90492951344433, 180.30253866377075, 1751.1731600869157]], [[-166.88305159031552, 183.85949683150392, 1750.8356269093679]], [[-166.90492951344433, 180.30253866377075, 1751.1731600869157]], [[-166.90492951344433, 180.30253866377075, 1751.1731600869157]], [[-166.88305159031552, 183.85949683150392, 1750.8356269093679]], [[-166.90492951344433, 180.30253866377075, 1751.1731600869157]], [[-166.90492951344433, 180.30253866377075, 1751.1731600869157]], [[-166.90492951344433, 180.30253866377075, 1751.1731600869157]], [[-584.965972818676, -327.18600642793683, 1800.8580885421832]], [[-166.88305159031552, 183.85949683150392, 1750.8356269093679]], [[-166.88305159031552, 183.85949683150392, 1750.8356269093679]], [[-166.88305159031552, 183.85949683150392, 1750.8356269093679]], [[-166.88305159031552, 183.85949683150392, 1750.8356269093679]], [[-166.88305159031552, 183.85949683150392, 1750.8356269093679]], [[-166.88305159031552, 183.85949683150392, 1750.8356269093679]]]

-----------------------------

[[ -166.90492951  -180.30253866 -1751.17316009]
 [ -166.90492951  -180.30253866 -1751.17316009]
 [ -166.90492951  -180.30253866 -1751.17316009]
 [ -166.90492951  -180.30253866 -1751.17316009]
 [ -166.90492951  -180.30253866 -1751.17316009]
 [ -166.90492951  -180.30253866 -1751.17316009]
 [ -166.90492951  -180.30253866 -1751.17316009]
 [ -166.90492951  -180.30253866 -1751.17316009]
 [ -166.90492951  -180.30253866 -1751.17316009]
 [ -166.90492951  -180.30253866 -1751.17316009]
 [ -166.90492951  -180.30253866 -1751.17316009]
 [ -166.88305159  -183.85949683 -1750.83562691]
 [ -166.90492951  -180.30253866 -1751.17316009]
 [ -166.90492951  -180.30253866 -1751.17316009]
 [ -166.88305159  -183.85949683 -1750.83562691]
 [ -166.90492951  -180.30253866 -1751.17316009]
 [ -166.90492951  -180.30253866 -1751.17316009]
 [ -166.90492951  -180.30253866 -1751.17316009]
 [ -584.96597282   327.18600643 -1800.85808854]
 [ -166.88305159  -183.85949683 -1750.83562691]
 [ -166.88305159  -183.85949683 -1750.83562691]
 [ -166.88305159  -183.85949683 -1750.83562691]
 [ -166.88305159  -183.85949683 -1750.83562691]
 [ -166.88305159  -183.85949683 -1750.83562691]
 [ -166.88305159  -183.85949683 -1750.83562691]]

-----------------------------

[Open3D WARNING] [ViewControl] SetViewPoint() failed because window height and width are not set.
