
 Current group is 2 

number of images 89
[(0, array([[  490.  ,  -144.  , -1560.  ],
       [  503.  ,  -136.  , -1505.25],
       [  524.5 ,  -179.  , -1596.  ],
       [  527.25,  -233.25, -1645.25],
       [  521.  ,  -276.5 , -1655.5 ],
       [  496.75,  -131.  , -1477.75],
       [  496.  ,  -233.  , -1522.75],
       [  470.75,  -284.5 , -1626.75],
       [  511.75,  -285.75, -1584.5 ],
       [  522.75,  -286.25, -1629.25],
       [  518.  ,  -360.5 , -1743.25],
       [  504.5 ,  -409.25, -1747.  ],
       [  500.  ,  -286.75, -1589.25],
       [  484.  ,  -367.75, -1706.75],
       [  482.5 ,  -437.5 , -1782.25],
       [  479.25,  -166.75, -1536.  ],
       [  501.  ,  -167.5 , -1582.25],
       [  374.  ,  -114.5 , -1035.75],
       [  499.75,  -132.5 , -1550.25],
       [  466.5 ,  -438.5 , -1776.  ],
       [  469.  ,  -439.25, -1781.  ],
       [  483.5 ,  -441.  , -1780.25],
       [  483.5 ,  -465.5 , -1829.25],
       [  502.25,  -407.5 , -1758.  ],
       [  504.25,  -412.75, -1741.  ]])), (1, array([[  278.25,  -110.  , -1383.75],
       [  270.5 ,  -136.75, -1332.75],
       [  293.5 ,  -135.75, -1310.75],
       [  303.  ,  -228.25, -1361.75],
       [  340.25,  -252.5 , -1417.75],
       [  249.5 ,  -139.25, -1385.5 ],
       [  230.75,  -212.25, -1487.  ],
       [  250.  ,  -247.75, -1414.  ],
       [  280.  ,  -303.25, -1461.75],
       [  287.75,  -278.  , -1436.75],
       [  291.  ,  -349.  , -1522.5 ],
       [  207.25,  -250.5 , -1239.25],
       [  253.5 ,  -275.75, -1455.5 ],
       [  259.5 ,  -346.25, -1578.5 ],
       [  199.5 ,  -239.75, -1270.5 ],
       [  276.5 ,  -100.75, -1381.  ],
       [  195.  ,   -89.25, -1108.  ],
       [  286.25,   -93.25, -1341.  ],
       [  192.5 ,   -86.75, -1072.5 ],
       [  216.5 ,  -242.  , -1334.5 ],
       [  215.25,  -242.  , -1332.5 ],
       [  199.5 ,  -240.75, -1277.  ],
       [  217.75,  -252.5 , -1255.  ],
       [  191.5 ,  -198.75, -1209.25],
       [  204.75,  -252.  , -1245.5 ]]))]
human0: [[  490.    -144.   -1560.  ]
 [  503.    -136.   -1505.25]
 [  524.5   -179.   -1596.  ]
 [  527.25  -233.25 -1645.25]
 [  521.    -276.5  -1655.5 ]
 [  496.75  -131.   -1477.75]
 [  496.    -233.   -1522.75]
 [  470.75  -284.5  -1626.75]
 [  511.75  -285.75 -1584.5 ]
 [  522.75  -286.25 -1629.25]
 [  518.    -360.5  -1743.25]
 [  504.5   -409.25 -1747.  ]
 [  500.    -286.75 -1589.25]
 [  484.    -367.75 -1706.75]
 [  482.5   -437.5  -1782.25]
 [  479.25  -166.75 -1536.  ]
 [  501.    -167.5  -1582.25]
 [  374.    -114.5  -1035.75]
 [  499.75  -132.5  -1550.25]
 [  466.5   -438.5  -1776.  ]
 [  469.    -439.25 -1781.  ]
 [  483.5   -441.   -1780.25]
 [  483.5   -465.5  -1829.25]
 [  502.25  -407.5  -1758.  ]
 [  504.25  -412.75 -1741.  ]]
human1: [[  278.25  -110.   -1383.75]
 [  270.5   -136.75 -1332.75]
 [  293.5   -135.75 -1310.75]
 [  303.    -228.25 -1361.75]
 [  340.25  -252.5  -1417.75]
 [  249.5   -139.25 -1385.5 ]
 [  230.75  -212.25 -1487.  ]
 [  250.    -247.75 -1414.  ]
 [  280.    -303.25 -1461.75]
 [  287.75  -278.   -1436.75]
 [  291.    -349.   -1522.5 ]
 [  207.25  -250.5  -1239.25]
 [  253.5   -275.75 -1455.5 ]
 [  259.5   -346.25 -1578.5 ]
 [  199.5   -239.75 -1270.5 ]
 [  276.5   -100.75 -1381.  ]
 [  195.     -89.25 -1108.  ]
 [  286.25   -93.25 -1341.  ]
 [  192.5    -86.75 -1072.5 ]
 [  216.5   -242.   -1334.5 ]
 [  215.25  -242.   -1332.5 ]
 [  199.5   -240.75 -1277.  ]
 [  217.75  -252.5  -1255.  ]
 [  191.5   -198.75 -1209.25]
 [  204.75  -252.   -1245.5 ]]
(226071, 3)
labels
(226071,)
[-1] [226071]
