0000 98266855
0001 98333533
0002 98400188
0003 98466866
0004 98666855
0005 98866855
0006 99066866
0007 99266866
0008 99466855
0009 99666855
0010 99866866
0011 100000200
0012 100266855
0013 100400200
0014 100666866
0015 100866855
0016 101066866
0017 101266855
0018 101466866
0019 101600188
0020 101866866
0021 102000200
0022 102266866
0023 102400200
0024 102600188
0025 102800188
0026 103000188
0027 103200200
0028 103466866
0029 103600188
0030 103800200
0031 104000200
0032 104200188
0033 104400188
0034 104600188
0035 104800200
0036 105000188
0037 105200200
0038 105400177
0039 105600200
0040 105800188
0041 106000188
0042 106200188
0043 106400188
0044 106600188
0045 106800200
0046 107000188
0047 107133522
0048 107400200
0049 107533522
0050 107800188
0051 108000200
0052 108200188
0053 108333522
0054 108533533
0055 108733522
0056 108933522
0057 109133522
0058 109333533
0059 109533522
0060 109733522
0061 109933533
0062 110133522
0063 110266866
0064 110466855
0065 110666866
0066 110866855
0067 111066866
0068 111266855
0069 111466866
0070 111666855
0071 111866866
0072 112066855
0073 112266866
0074 112466855
0075 112666855
0076 112866855
0077 113066866
0078 113266855
0079 113466866
0080 113666855
0081 113866866
0082 114066855
0083 114266866
0084 114466855
0085 114666866
0086 114866844
0087 115066866
0088 115266855
0089 115400188
0090 115666855
0091 115800188
0092 116066866
0093 116200188
0094 116466844
0095 116600188
0096 116800200
0097 117000188
0098 117200200
0099 117400177
0100 117600200
0101 117800188
0102 118000200
0103 118200188
0104 118400188
0105 118600188
0106 118800211
0107 118933533
0108 119200188
0109 119333533
0110 119533522
0111 119733533
0112 119933522
0113 120133522
0114 120333522
0115 120533522
0116 120733533
0117 120933533
0118 121133522
0119 121333522
0120 121533533
0121 121733533
0122 121933522
0123 122133533
0124 122333522
0125 122533533
0126 122733522
0127 122866855
0128 123066866
0129 123266855
0130 123466866
0131 123666855
0132 123866866
0133 124066855
0134 124266866
0135 124466855
0136 124666866
0137 124866844
0138 125066866
0139 125266855
0140 125466866
0141 125666855
0142 125866855
0143 126066855
0144 126266855
0145 126466866
0146 126666855
0147 126866866
0148 127066844
0149 127266866
0150 127466855
0151 127666855
0152 127866855
0153 128066855
0154 128266855
0155 128466866
0156 128666855
0157 128866855
0158 129066866
0159 129266866
0160 129466855
0161 129666866
0162 129866844
0163 130066855
0164 130266855
0165 130466866
0166 130666855
0167 130866855
0168 131000200
0169 131200188
0170 131400188
0171 131600177
0172 131866855
0173 132000188
0174 132200200
0175 132400188
0176 132600188
0177 132800200
0178 133000188
0179 133200188
0180 133400200
0181 133600188
0182 133800200
0183 134000188
0184 134200200
0185 134400188
0186 134600188
0187 134800188
0188 135000200
0189 135200177
0190 135400188
0191 135533522
0192 135800188
0193 136000177
0194 136200200
0195 136400188
0196 136600200
0197 136800200
0198 137000200
0199 137200188
0200 137400200
0201 137600188
0202 137733522
0203 137933522
0204 138133533
0205 138333522
0206 138600188
0207 138733522
0208 139000200
0209 139133533
0210 139333522
0211 139533533
0212 139733511
0213 139933533
0214 140133522
0215 140333533
0216 140533522
0217 140733522
0218 140933544
0219 141133522
0220 141333533
0221 141533522
0222 141733533
0223 141933522
0224 142133533
0225 142333522
0226 142533533
0227 142733522
0228 142933533
0229 143133522
0230 143333533
0231 143533522
0232 143733533
0233 144000188
0234 144200177
0235 144400200
