0000 98266855
0001 98333511
0002 98400188
0003 98466855
0004 98666844
0005 98866833
0006 99066844
0007 99266844
0008 99466855
0009 99666844
0010 99866844
0011 100000177
0012 100266844
0013 100400177
0014 100666855
0015 100866844
0016 101066844
0017 101266833
0018 101466855
0019 101600177
0020 101866855
0021 102000188
0022 102266844
0023 102400177
0024 102600177
0025 102800177
0026 103000188
0027 103200177
0028 103466844
0029 103600177
0030 103800166
0031 104000177
0032 104200188
0033 104400188
0034 104600177
0035 104800177
0036 105000177
0037 105200177
0038 105400177
0039 105600188
0040 105800188
0041 106000166
0042 106200155
0043 106400166
0044 106600177
0045 106800188
0046 107000177
0047 107133511
0048 107400177
0049 107533511
0050 107800177
0051 108000188
0052 108200177
0053 108333511
0054 108533511
0055 108733500
0056 108933522
0057 109133522
0058 109333522
0059 109533511
0060 109733522
0061 109933511
0062 110133522
0063 110266855
0064 110466844
0065 110666844
0066 110866833
0067 111066844
0068 111266844
0069 111466855
0070 111666844
0071 111866844
0072 112066844
0073 112266844
0074 112466844
0075 112666855
0076 112866844
0077 113066844
0078 113266844
0079 113466844
0080 113666844
0081 113866855
0082 114066855
0083 114266844
0084 114466833
0085 114666844
0086 114866844
0087 115066855
0088 115266844
0089 115400177
0090 115666844
0091 115800166
0092 116066844
0093 116200177
0094 116466855
0095 116600177
0096 116800166
0097 117000166
0098 117200177
0099 117400200
0100 117600177
0101 117800177
0102 118000177
0103 118200188
0104 118400188
0105 118600200
0106 118800155
0107 118933488
0108 119200177
0109 119333511
0110 119533511
0111 119733511
0112 119933511
0113 120133511
0114 120333522
0115 120533511
0116 120733522
0117 120933500
0118 121133511
0119 121333500
0120 121533522
0121 121733511
0122 121933522
0123 122133511
0124 122333511
0125 122533511
0126 122733522
0127 122866855
0128 123066844
0129 123266844
0130 123466866
0131 123666844
0132 123866844
0133 124066855
0134 124266855
0135 124466844
0136 124666844
0137 124866844
0138 125066844
0139 125266855
0140 125466844
0141 125666844
0142 125866844
0143 126066844
0144 126266855
0145 126466866
0146 126666855
0147 126866844
0148 127066844
0149 127266844
0150 127466844
0151 127666855
0152 127866844
0153 128066844
0154 128266844
0155 128466844
0156 128666844
0157 128866855
0158 129066844
0159 129266844
0160 129466833
0161 129666844
0162 129866844
0163 130066855
0164 130266844
0165 130466844
0166 130666833
0167 130866844
0168 131000177
0169 131200188
0170 131400200
0171 131600188
0172 131866866
0173 132000177
0174 132200166
0175 132400177
0176 132600177
0177 132800177
0178 133000177
0179 133200188
0180 133400177
0181 133600177
0182 133800177
0183 134000177
0184 134200177
0185 134400188
0186 134600177
0187 134800177
0188 135000177
0189 135200177
0190 135400177
0191 135600188
0192 135800177
0193 136000188
0194 136200166
0195 136400177
0196 136600177
0197 136733511
0198 137000211
0199 137200144
0200 137400144
0201 137600144
0202 137733522
0203 137933511
0204 138133522
0205 138333511
0206 138533511
0207 138733511
0208 138933522
0209 139133511
0210 139333522
0211 139533500
0212 139733511
0213 139933511
0214 140133522
0215 140333511
0216 140533511
0217 140733522
0218 140933544
0219 141133511
0220 141333522
0221 141533522
0222 141733533
0223 141933511
0224 142133511
0225 142333500
0226 142533522
0227 142733522
0228 142933522
0229 143133511
0230 143333522
0231 143533511
0232 143733522
0233 144000188
0234 144200177
0235 144400177
